{
 "cells": [
  {
   "cell_type": "code",
   "execution_count": 5,
   "id": "47df3677",
   "metadata": {},
   "outputs": [
    {
     "data": {
      "text/html": [
       "<div>\n",
       "<style scoped>\n",
       "    .dataframe tbody tr th:only-of-type {\n",
       "        vertical-align: middle;\n",
       "    }\n",
       "\n",
       "    .dataframe tbody tr th {\n",
       "        vertical-align: top;\n",
       "    }\n",
       "\n",
       "    .dataframe thead th {\n",
       "        text-align: right;\n",
       "    }\n",
       "</style>\n",
       "<table border=\"1\" class=\"dataframe\">\n",
       "  <thead>\n",
       "    <tr style=\"text-align: right;\">\n",
       "      <th></th>\n",
       "      <th>人口（千人）</th>\n",
       "      <th>学年中央値</th>\n",
       "      <th>雇用者（千人）</th>\n",
       "      <th>健康サービス従業員（百人）</th>\n",
       "      <th>家の価格中央値（万ドル）</th>\n",
       "    </tr>\n",
       "  </thead>\n",
       "  <tbody>\n",
       "    <tr>\n",
       "      <th>1</th>\n",
       "      <td>5.935</td>\n",
       "      <td>14.2</td>\n",
       "      <td>2.265</td>\n",
       "      <td>2.27</td>\n",
       "      <td>2.91</td>\n",
       "    </tr>\n",
       "    <tr>\n",
       "      <th>2</th>\n",
       "      <td>1.523</td>\n",
       "      <td>13.1</td>\n",
       "      <td>0.597</td>\n",
       "      <td>0.75</td>\n",
       "      <td>2.62</td>\n",
       "    </tr>\n",
       "    <tr>\n",
       "      <th>3</th>\n",
       "      <td>2.599</td>\n",
       "      <td>12.7</td>\n",
       "      <td>1.237</td>\n",
       "      <td>1.11</td>\n",
       "      <td>1.72</td>\n",
       "    </tr>\n",
       "    <tr>\n",
       "      <th>4</th>\n",
       "      <td>4.009</td>\n",
       "      <td>15.2</td>\n",
       "      <td>1.649</td>\n",
       "      <td>0.81</td>\n",
       "      <td>3.02</td>\n",
       "    </tr>\n",
       "    <tr>\n",
       "      <th>5</th>\n",
       "      <td>4.687</td>\n",
       "      <td>14.7</td>\n",
       "      <td>2.312</td>\n",
       "      <td>2.50</td>\n",
       "      <td>2.22</td>\n",
       "    </tr>\n",
       "    <tr>\n",
       "      <th>6</th>\n",
       "      <td>8.044</td>\n",
       "      <td>15.6</td>\n",
       "      <td>3.641</td>\n",
       "      <td>4.51</td>\n",
       "      <td>2.36</td>\n",
       "    </tr>\n",
       "    <tr>\n",
       "      <th>7</th>\n",
       "      <td>2.766</td>\n",
       "      <td>13.3</td>\n",
       "      <td>1.244</td>\n",
       "      <td>1.03</td>\n",
       "      <td>1.97</td>\n",
       "    </tr>\n",
       "    <tr>\n",
       "      <th>8</th>\n",
       "      <td>6.538</td>\n",
       "      <td>17.0</td>\n",
       "      <td>2.618</td>\n",
       "      <td>2.39</td>\n",
       "      <td>1.85</td>\n",
       "    </tr>\n",
       "    <tr>\n",
       "      <th>9</th>\n",
       "      <td>6.451</td>\n",
       "      <td>12.9</td>\n",
       "      <td>3.147</td>\n",
       "      <td>5.52</td>\n",
       "      <td>2.01</td>\n",
       "    </tr>\n",
       "    <tr>\n",
       "      <th>10</th>\n",
       "      <td>3.314</td>\n",
       "      <td>12.2</td>\n",
       "      <td>1.606</td>\n",
       "      <td>2.18</td>\n",
       "      <td>1.82</td>\n",
       "    </tr>\n",
       "    <tr>\n",
       "      <th>11</th>\n",
       "      <td>3.777</td>\n",
       "      <td>13.0</td>\n",
       "      <td>2.119</td>\n",
       "      <td>2.83</td>\n",
       "      <td>1.80</td>\n",
       "    </tr>\n",
       "    <tr>\n",
       "      <th>12</th>\n",
       "      <td>1.530</td>\n",
       "      <td>13.8</td>\n",
       "      <td>0.798</td>\n",
       "      <td>0.84</td>\n",
       "      <td>4.25</td>\n",
       "    </tr>\n",
       "    <tr>\n",
       "      <th>13</th>\n",
       "      <td>2.768</td>\n",
       "      <td>13.6</td>\n",
       "      <td>1.336</td>\n",
       "      <td>1.75</td>\n",
       "      <td>2.64</td>\n",
       "    </tr>\n",
       "    <tr>\n",
       "      <th>14</th>\n",
       "      <td>6.585</td>\n",
       "      <td>14.9</td>\n",
       "      <td>2.763</td>\n",
       "      <td>1.91</td>\n",
       "      <td>3.17</td>\n",
       "    </tr>\n",
       "  </tbody>\n",
       "</table>\n",
       "</div>"
      ],
      "text/plain": [
       "    人口（千人）  学年中央値  雇用者（千人）  健康サービス従業員（百人）  家の価格中央値（万ドル）\n",
       "1    5.935   14.2    2.265           2.27          2.91\n",
       "2    1.523   13.1    0.597           0.75          2.62\n",
       "3    2.599   12.7    1.237           1.11          1.72\n",
       "4    4.009   15.2    1.649           0.81          3.02\n",
       "5    4.687   14.7    2.312           2.50          2.22\n",
       "6    8.044   15.6    3.641           4.51          2.36\n",
       "7    2.766   13.3    1.244           1.03          1.97\n",
       "8    6.538   17.0    2.618           2.39          1.85\n",
       "9    6.451   12.9    3.147           5.52          2.01\n",
       "10   3.314   12.2    1.606           2.18          1.82\n",
       "11   3.777   13.0    2.119           2.83          1.80\n",
       "12   1.530   13.8    0.798           0.84          4.25\n",
       "13   2.768   13.6    1.336           1.75          2.64\n",
       "14   6.585   14.9    2.763           1.91          3.17"
      ]
     },
     "execution_count": 5,
     "metadata": {},
     "output_type": "execute_result"
    }
   ],
   "source": [
    "import pandas as pd\n",
    "import numpy as np\n",
    "real_estate_df = pd.read_csv(\"realestate_data.csv\",index_col=0)\n",
    "real_estate_df"
   ]
  },
  {
   "cell_type": "code",
   "execution_count": 6,
   "id": "7cb6fbf5",
   "metadata": {
    "scrolled": false
   },
   "outputs": [
    {
     "data": {
      "text/html": [
       "<div>\n",
       "<style scoped>\n",
       "    .dataframe tbody tr th:only-of-type {\n",
       "        vertical-align: middle;\n",
       "    }\n",
       "\n",
       "    .dataframe tbody tr th {\n",
       "        vertical-align: top;\n",
       "    }\n",
       "\n",
       "    .dataframe thead th {\n",
       "        text-align: right;\n",
       "    }\n",
       "</style>\n",
       "<table border=\"1\" class=\"dataframe\">\n",
       "  <thead>\n",
       "    <tr style=\"text-align: right;\">\n",
       "      <th></th>\n",
       "      <th>人口（千人）</th>\n",
       "      <th>学年中央値</th>\n",
       "      <th>雇用者（千人）</th>\n",
       "      <th>健康サービス従業員（百人）</th>\n",
       "      <th>家の価格中央値（万ドル）</th>\n",
       "    </tr>\n",
       "  </thead>\n",
       "  <tbody>\n",
       "    <tr>\n",
       "      <th>1</th>\n",
       "      <td>0.805870</td>\n",
       "      <td>0.144964</td>\n",
       "      <td>0.362672</td>\n",
       "      <td>0.072890</td>\n",
       "      <td>0.665895</td>\n",
       "    </tr>\n",
       "    <tr>\n",
       "      <th>2</th>\n",
       "      <td>-1.400165</td>\n",
       "      <td>-0.713671</td>\n",
       "      <td>-1.571798</td>\n",
       "      <td>-1.051095</td>\n",
       "      <td>0.242144</td>\n",
       "    </tr>\n",
       "    <tr>\n",
       "      <th>3</th>\n",
       "      <td>-0.862157</td>\n",
       "      <td>-1.025902</td>\n",
       "      <td>-0.829556</td>\n",
       "      <td>-0.784888</td>\n",
       "      <td>-1.072947</td>\n",
       "    </tr>\n",
       "    <tr>\n",
       "      <th>4</th>\n",
       "      <td>-0.157145</td>\n",
       "      <td>0.925542</td>\n",
       "      <td>-0.351737</td>\n",
       "      <td>-1.006728</td>\n",
       "      <td>0.826629</td>\n",
       "    </tr>\n",
       "    <tr>\n",
       "      <th>5</th>\n",
       "      <td>0.181860</td>\n",
       "      <td>0.535253</td>\n",
       "      <td>0.417180</td>\n",
       "      <td>0.242967</td>\n",
       "      <td>-0.342341</td>\n",
       "    </tr>\n",
       "    <tr>\n",
       "      <th>6</th>\n",
       "      <td>1.860387</td>\n",
       "      <td>1.237773</td>\n",
       "      <td>1.958494</td>\n",
       "      <td>1.729290</td>\n",
       "      <td>-0.137771</td>\n",
       "    </tr>\n",
       "    <tr>\n",
       "      <th>7</th>\n",
       "      <td>-0.778655</td>\n",
       "      <td>-0.557555</td>\n",
       "      <td>-0.821437</td>\n",
       "      <td>-0.844046</td>\n",
       "      <td>-0.707644</td>\n",
       "    </tr>\n",
       "    <tr>\n",
       "      <th>8</th>\n",
       "      <td>1.107375</td>\n",
       "      <td>2.330581</td>\n",
       "      <td>0.772065</td>\n",
       "      <td>0.161626</td>\n",
       "      <td>-0.882990</td>\n",
       "    </tr>\n",
       "    <tr>\n",
       "      <th>9</th>\n",
       "      <td>1.063874</td>\n",
       "      <td>-0.869786</td>\n",
       "      <td>1.385575</td>\n",
       "      <td>2.476149</td>\n",
       "      <td>-0.649196</td>\n",
       "    </tr>\n",
       "    <tr>\n",
       "      <th>10</th>\n",
       "      <td>-0.504651</td>\n",
       "      <td>-1.416191</td>\n",
       "      <td>-0.401606</td>\n",
       "      <td>0.006338</td>\n",
       "      <td>-0.926826</td>\n",
       "    </tr>\n",
       "    <tr>\n",
       "      <th>11</th>\n",
       "      <td>-0.273147</td>\n",
       "      <td>-0.791729</td>\n",
       "      <td>0.193348</td>\n",
       "      <td>0.486990</td>\n",
       "      <td>-0.956050</td>\n",
       "    </tr>\n",
       "    <tr>\n",
       "      <th>12</th>\n",
       "      <td>-1.396665</td>\n",
       "      <td>-0.167267</td>\n",
       "      <td>-1.338688</td>\n",
       "      <td>-0.984544</td>\n",
       "      <td>2.623920</td>\n",
       "    </tr>\n",
       "    <tr>\n",
       "      <th>13</th>\n",
       "      <td>-0.777655</td>\n",
       "      <td>-0.323382</td>\n",
       "      <td>-0.714740</td>\n",
       "      <td>-0.311631</td>\n",
       "      <td>0.271368</td>\n",
       "    </tr>\n",
       "    <tr>\n",
       "      <th>14</th>\n",
       "      <td>1.130875</td>\n",
       "      <td>0.691369</td>\n",
       "      <td>0.940229</td>\n",
       "      <td>-0.193317</td>\n",
       "      <td>1.045811</td>\n",
       "    </tr>\n",
       "  </tbody>\n",
       "</table>\n",
       "</div>"
      ],
      "text/plain": [
       "      人口（千人）     学年中央値   雇用者（千人）  健康サービス従業員（百人）  家の価格中央値（万ドル）\n",
       "1   0.805870  0.144964  0.362672       0.072890      0.665895\n",
       "2  -1.400165 -0.713671 -1.571798      -1.051095      0.242144\n",
       "3  -0.862157 -1.025902 -0.829556      -0.784888     -1.072947\n",
       "4  -0.157145  0.925542 -0.351737      -1.006728      0.826629\n",
       "5   0.181860  0.535253  0.417180       0.242967     -0.342341\n",
       "6   1.860387  1.237773  1.958494       1.729290     -0.137771\n",
       "7  -0.778655 -0.557555 -0.821437      -0.844046     -0.707644\n",
       "8   1.107375  2.330581  0.772065       0.161626     -0.882990\n",
       "9   1.063874 -0.869786  1.385575       2.476149     -0.649196\n",
       "10 -0.504651 -1.416191 -0.401606       0.006338     -0.926826\n",
       "11 -0.273147 -0.791729  0.193348       0.486990     -0.956050\n",
       "12 -1.396665 -0.167267 -1.338688      -0.984544      2.623920\n",
       "13 -0.777655 -0.323382 -0.714740      -0.311631      0.271368\n",
       "14  1.130875  0.691369  0.940229      -0.193317      1.045811"
      ]
     },
     "metadata": {},
     "output_type": "display_data"
    },
    {
     "data": {
      "text/html": [
       "<div>\n",
       "<style scoped>\n",
       "    .dataframe tbody tr th:only-of-type {\n",
       "        vertical-align: middle;\n",
       "    }\n",
       "\n",
       "    .dataframe tbody tr th {\n",
       "        vertical-align: top;\n",
       "    }\n",
       "\n",
       "    .dataframe thead th {\n",
       "        text-align: right;\n",
       "    }\n",
       "</style>\n",
       "<table border=\"1\" class=\"dataframe\">\n",
       "  <thead>\n",
       "    <tr style=\"text-align: right;\">\n",
       "      <th></th>\n",
       "      <th>人口（千人）</th>\n",
       "      <th>学年中央値</th>\n",
       "      <th>雇用者（千人）</th>\n",
       "      <th>健康サービス従業員（百人）</th>\n",
       "      <th>家の価格中央値（万ドル）</th>\n",
       "    </tr>\n",
       "  </thead>\n",
       "  <tbody>\n",
       "    <tr>\n",
       "      <th>u1</th>\n",
       "      <td>0.558359</td>\n",
       "      <td>0.313283</td>\n",
       "      <td>0.568258</td>\n",
       "      <td>0.486625</td>\n",
       "      <td>-0.174266</td>\n",
       "    </tr>\n",
       "    <tr>\n",
       "      <th>u2</th>\n",
       "      <td>0.131393</td>\n",
       "      <td>0.628873</td>\n",
       "      <td>0.004262</td>\n",
       "      <td>-0.309561</td>\n",
       "      <td>0.701006</td>\n",
       "    </tr>\n",
       "    <tr>\n",
       "      <th>u3</th>\n",
       "      <td>-0.007946</td>\n",
       "      <td>0.549031</td>\n",
       "      <td>-0.117280</td>\n",
       "      <td>-0.454924</td>\n",
       "      <td>-0.691225</td>\n",
       "    </tr>\n",
       "    <tr>\n",
       "      <th>u4</th>\n",
       "      <td>0.550553</td>\n",
       "      <td>-0.452654</td>\n",
       "      <td>0.268116</td>\n",
       "      <td>-0.647982</td>\n",
       "      <td>0.015107</td>\n",
       "    </tr>\n",
       "    <tr>\n",
       "      <th>u5</th>\n",
       "      <td>0.606465</td>\n",
       "      <td>-0.006565</td>\n",
       "      <td>-0.769041</td>\n",
       "      <td>0.201326</td>\n",
       "      <td>-0.014203</td>\n",
       "    </tr>\n",
       "  </tbody>\n",
       "</table>\n",
       "</div>"
      ],
      "text/plain": [
       "      人口（千人）     学年中央値   雇用者（千人）  健康サービス従業員（百人）  家の価格中央値（万ドル）\n",
       "u1  0.558359  0.313283  0.568258       0.486625     -0.174266\n",
       "u2  0.131393  0.628873  0.004262      -0.309561      0.701006\n",
       "u3 -0.007946  0.549031 -0.117280      -0.454924     -0.691225\n",
       "u4  0.550553 -0.452654  0.268116      -0.647982      0.015107\n",
       "u5  0.606465 -0.006565 -0.769041       0.201326     -0.014203"
      ]
     },
     "metadata": {},
     "output_type": "display_data"
    },
    {
     "data": {
      "text/html": [
       "<div>\n",
       "<style scoped>\n",
       "    .dataframe tbody tr th:only-of-type {\n",
       "        vertical-align: middle;\n",
       "    }\n",
       "\n",
       "    .dataframe tbody tr th {\n",
       "        vertical-align: top;\n",
       "    }\n",
       "\n",
       "    .dataframe thead th {\n",
       "        text-align: right;\n",
       "    }\n",
       "</style>\n",
       "<table border=\"1\" class=\"dataframe\">\n",
       "  <thead>\n",
       "    <tr style=\"text-align: right;\">\n",
       "      <th></th>\n",
       "      <th>固有値</th>\n",
       "    </tr>\n",
       "  </thead>\n",
       "  <tbody>\n",
       "    <tr>\n",
       "      <th>u1</th>\n",
       "      <td>3.261888</td>\n",
       "    </tr>\n",
       "    <tr>\n",
       "      <th>u2</th>\n",
       "      <td>1.390456</td>\n",
       "    </tr>\n",
       "    <tr>\n",
       "      <th>u3</th>\n",
       "      <td>0.616491</td>\n",
       "    </tr>\n",
       "    <tr>\n",
       "      <th>u4</th>\n",
       "      <td>0.102737</td>\n",
       "    </tr>\n",
       "    <tr>\n",
       "      <th>u5</th>\n",
       "      <td>0.013044</td>\n",
       "    </tr>\n",
       "  </tbody>\n",
       "</table>\n",
       "</div>"
      ],
      "text/plain": [
       "         固有値\n",
       "u1  3.261888\n",
       "u2  1.390456\n",
       "u3  0.616491\n",
       "u4  0.102737\n",
       "u5  0.013044"
      ]
     },
     "metadata": {},
     "output_type": "display_data"
    },
    {
     "data": {
      "text/html": [
       "<div>\n",
       "<style scoped>\n",
       "    .dataframe tbody tr th:only-of-type {\n",
       "        vertical-align: middle;\n",
       "    }\n",
       "\n",
       "    .dataframe tbody tr th {\n",
       "        vertical-align: top;\n",
       "    }\n",
       "\n",
       "    .dataframe thead th {\n",
       "        text-align: right;\n",
       "    }\n",
       "</style>\n",
       "<table border=\"1\" class=\"dataframe\">\n",
       "  <thead>\n",
       "    <tr style=\"text-align: right;\">\n",
       "      <th></th>\n",
       "      <th>寄与率</th>\n",
       "    </tr>\n",
       "  </thead>\n",
       "  <tbody>\n",
       "    <tr>\n",
       "      <th>u1</th>\n",
       "      <td>0.605779</td>\n",
       "    </tr>\n",
       "    <tr>\n",
       "      <th>u2</th>\n",
       "      <td>0.258228</td>\n",
       "    </tr>\n",
       "    <tr>\n",
       "      <th>u3</th>\n",
       "      <td>0.114491</td>\n",
       "    </tr>\n",
       "    <tr>\n",
       "      <th>u4</th>\n",
       "      <td>0.019080</td>\n",
       "    </tr>\n",
       "    <tr>\n",
       "      <th>u5</th>\n",
       "      <td>0.002422</td>\n",
       "    </tr>\n",
       "  </tbody>\n",
       "</table>\n",
       "</div>"
      ],
      "text/plain": [
       "         寄与率\n",
       "u1  0.605779\n",
       "u2  0.258228\n",
       "u3  0.114491\n",
       "u4  0.019080\n",
       "u5  0.002422"
      ]
     },
     "metadata": {},
     "output_type": "display_data"
    },
    {
     "name": "stdout",
     "output_type": "stream",
     "text": [
      "主成分得点\n"
     ]
    },
    {
     "data": {
      "text/html": [
       "<div>\n",
       "<style scoped>\n",
       "    .dataframe tbody tr th:only-of-type {\n",
       "        vertical-align: middle;\n",
       "    }\n",
       "\n",
       "    .dataframe tbody tr th {\n",
       "        vertical-align: top;\n",
       "    }\n",
       "\n",
       "    .dataframe thead th {\n",
       "        text-align: right;\n",
       "    }\n",
       "</style>\n",
       "<table border=\"1\" class=\"dataframe\">\n",
       "  <thead>\n",
       "    <tr style=\"text-align: right;\">\n",
       "      <th></th>\n",
       "      <th>u1</th>\n",
       "      <th>u2</th>\n",
       "      <th>u3</th>\n",
       "      <th>u4</th>\n",
       "      <th>u5</th>\n",
       "    </tr>\n",
       "  </thead>\n",
       "  <tbody>\n",
       "    <tr>\n",
       "      <th>1</th>\n",
       "      <td>0.620897</td>\n",
       "      <td>0.642828</td>\n",
       "      <td>-0.462791</td>\n",
       "      <td>0.438122</td>\n",
       "      <td>0.214087</td>\n",
       "    </tr>\n",
       "    <tr>\n",
       "      <th>2</th>\n",
       "      <td>-2.452249</td>\n",
       "      <td>-0.144357</td>\n",
       "      <td>0.114432</td>\n",
       "      <td>-0.184495</td>\n",
       "      <td>0.149260</td>\n",
       "    </tr>\n",
       "    <tr>\n",
       "      <th>3</th>\n",
       "      <td>-1.469159</td>\n",
       "      <td>-1.271150</td>\n",
       "      <td>0.639602</td>\n",
       "      <td>0.259682</td>\n",
       "      <td>-0.020949</td>\n",
       "    </tr>\n",
       "    <tr>\n",
       "      <th>4</th>\n",
       "      <td>-0.631616</td>\n",
       "      <td>1.451016</td>\n",
       "      <td>0.437249</td>\n",
       "      <td>0.065056</td>\n",
       "      <td>-0.045300</td>\n",
       "    </tr>\n",
       "    <tr>\n",
       "      <th>5</th>\n",
       "      <td>0.684187</td>\n",
       "      <td>0.047083</td>\n",
       "      <td>0.369602</td>\n",
       "      <td>-0.192918</td>\n",
       "      <td>-0.160273</td>\n",
       "    </tr>\n",
       "    <tr>\n",
       "      <th>6</th>\n",
       "      <td>3.404990</td>\n",
       "      <td>0.399292</td>\n",
       "      <td>-0.256364</td>\n",
       "      <td>-0.133567</td>\n",
       "      <td>-0.035921</td>\n",
       "    </tr>\n",
       "    <tr>\n",
       "      <th>7</th>\n",
       "      <td>-1.363644</td>\n",
       "      <td>-0.691222</td>\n",
       "      <td>0.669528</td>\n",
       "      <td>0.139684</td>\n",
       "      <td>0.003275</td>\n",
       "    </tr>\n",
       "    <tr>\n",
       "      <th>8</th>\n",
       "      <td>2.019702</td>\n",
       "      <td>0.945417</td>\n",
       "      <td>1.717030</td>\n",
       "      <td>-0.356344</td>\n",
       "      <td>0.107615</td>\n",
       "    </tr>\n",
       "    <tr>\n",
       "      <th>9</th>\n",
       "      <td>2.426986</td>\n",
       "      <td>-1.622902</td>\n",
       "      <td>-1.326212</td>\n",
       "      <td>-0.263381</td>\n",
       "      <td>0.093081</td>\n",
       "    </tr>\n",
       "    <tr>\n",
       "      <th>10</th>\n",
       "      <td>-0.789062</td>\n",
       "      <td>-1.610295</td>\n",
       "      <td>-0.088660</td>\n",
       "      <td>0.237421</td>\n",
       "      <td>0.026536</td>\n",
       "    </tr>\n",
       "    <tr>\n",
       "      <th>11</th>\n",
       "      <td>0.112911</td>\n",
       "      <td>-1.353912</td>\n",
       "      <td>-0.015886</td>\n",
       "      <td>-0.070167</td>\n",
       "      <td>-0.197526</td>\n",
       "    </tr>\n",
       "    <tr>\n",
       "      <th>12</th>\n",
       "      <td>-2.529326</td>\n",
       "      <td>1.849752</td>\n",
       "      <td>-1.289562</td>\n",
       "      <td>-0.374542</td>\n",
       "      <td>-0.051906</td>\n",
       "    </tr>\n",
       "    <tr>\n",
       "      <th>13</th>\n",
       "      <td>-1.140615</td>\n",
       "      <td>-0.021892</td>\n",
       "      <td>-0.133350</td>\n",
       "      <td>-0.267363</td>\n",
       "      <td>0.013573</td>\n",
       "    </tr>\n",
       "    <tr>\n",
       "      <th>14</th>\n",
       "      <td>1.105998</td>\n",
       "      <td>1.380342</td>\n",
       "      <td>-0.374620</td>\n",
       "      <td>0.702812</td>\n",
       "      <td>-0.095551</td>\n",
       "    </tr>\n",
       "  </tbody>\n",
       "</table>\n",
       "</div>"
      ],
      "text/plain": [
       "          u1        u2        u3        u4        u5\n",
       "1   0.620897  0.642828 -0.462791  0.438122  0.214087\n",
       "2  -2.452249 -0.144357  0.114432 -0.184495  0.149260\n",
       "3  -1.469159 -1.271150  0.639602  0.259682 -0.020949\n",
       "4  -0.631616  1.451016  0.437249  0.065056 -0.045300\n",
       "5   0.684187  0.047083  0.369602 -0.192918 -0.160273\n",
       "6   3.404990  0.399292 -0.256364 -0.133567 -0.035921\n",
       "7  -1.363644 -0.691222  0.669528  0.139684  0.003275\n",
       "8   2.019702  0.945417  1.717030 -0.356344  0.107615\n",
       "9   2.426986 -1.622902 -1.326212 -0.263381  0.093081\n",
       "10 -0.789062 -1.610295 -0.088660  0.237421  0.026536\n",
       "11  0.112911 -1.353912 -0.015886 -0.070167 -0.197526\n",
       "12 -2.529326  1.849752 -1.289562 -0.374542 -0.051906\n",
       "13 -1.140615 -0.021892 -0.133350 -0.267363  0.013573\n",
       "14  1.105998  1.380342 -0.374620  0.702812 -0.095551"
      ]
     },
     "metadata": {},
     "output_type": "display_data"
    }
   ],
   "source": [
    "from sklearn.decomposition import PCA #主成分分析器\n",
    "\n",
    "# 行列の標準化\n",
    "df = real_estate_df.apply(lambda x: (x-x.mean())/x.std(ddof=0), axis=0)\n",
    "display(df)\n",
    "\n",
    "#主成分分析の実行\n",
    "pca = PCA()\n",
    "pca.fit(df)\n",
    "# データを主成分空間に写像\n",
    "feature = pca.transform(df)\n",
    "\n",
    "# PCA の固有ベクトル\n",
    "eig_vec = pd.DataFrame(pca.components_, columns=df.columns, index=[\"u{}\".format(x + 1) for x in range(len(df.columns))])\n",
    "display(eig_vec)\n",
    "\n",
    "# PCA の固有値\n",
    "eig = pd.DataFrame(pca.explained_variance_, index=[\"u{}\".format(x + 1) for x in range(len(df.columns))], columns = [\"固有値\"])\n",
    "display(eig)\n",
    "\n",
    "# 寄与率\n",
    "ev = pd.DataFrame(pca.explained_variance_ratio_, index=[\"u{}\".format(x + 1) for x in range(len(df.columns))], columns = [\"寄与率\"])\n",
    "display(ev)\n",
    "\n",
    "# 主成分得点\n",
    "print(\"主成分得点\")\n",
    "cor = pd.DataFrame(feature, columns=[\"u{}\".format(x + 1) for x in range(len(df.columns))], index=[x+1 for x in range(len(df.index))])\n",
    "display(cor)\n"
   ]
  },
  {
   "cell_type": "code",
   "execution_count": 4,
   "id": "e4df8c73",
   "metadata": {},
   "outputs": [
    {
     "data": {
      "text/html": [
       "<div>\n",
       "<style scoped>\n",
       "    .dataframe tbody tr th:only-of-type {\n",
       "        vertical-align: middle;\n",
       "    }\n",
       "\n",
       "    .dataframe tbody tr th {\n",
       "        vertical-align: top;\n",
       "    }\n",
       "\n",
       "    .dataframe thead th {\n",
       "        text-align: right;\n",
       "    }\n",
       "</style>\n",
       "<table border=\"1\" class=\"dataframe\">\n",
       "  <thead>\n",
       "    <tr style=\"text-align: right;\">\n",
       "      <th></th>\n",
       "      <th>人口（千人）</th>\n",
       "      <th>学年中央値</th>\n",
       "      <th>雇用者（千人）</th>\n",
       "      <th>健康サービス従業員（百人）</th>\n",
       "      <th>家の価格中央値（万ドル）</th>\n",
       "    </tr>\n",
       "  </thead>\n",
       "  <tbody>\n",
       "    <tr>\n",
       "      <th>1</th>\n",
       "      <td>0.805870</td>\n",
       "      <td>0.144964</td>\n",
       "      <td>0.362672</td>\n",
       "      <td>0.072890</td>\n",
       "      <td>0.665895</td>\n",
       "    </tr>\n",
       "    <tr>\n",
       "      <th>2</th>\n",
       "      <td>-1.400165</td>\n",
       "      <td>-0.713671</td>\n",
       "      <td>-1.571798</td>\n",
       "      <td>-1.051095</td>\n",
       "      <td>0.242144</td>\n",
       "    </tr>\n",
       "    <tr>\n",
       "      <th>3</th>\n",
       "      <td>-0.862157</td>\n",
       "      <td>-1.025902</td>\n",
       "      <td>-0.829556</td>\n",
       "      <td>-0.784888</td>\n",
       "      <td>-1.072947</td>\n",
       "    </tr>\n",
       "    <tr>\n",
       "      <th>4</th>\n",
       "      <td>-0.157145</td>\n",
       "      <td>0.925542</td>\n",
       "      <td>-0.351737</td>\n",
       "      <td>-1.006728</td>\n",
       "      <td>0.826629</td>\n",
       "    </tr>\n",
       "    <tr>\n",
       "      <th>5</th>\n",
       "      <td>0.181860</td>\n",
       "      <td>0.535253</td>\n",
       "      <td>0.417180</td>\n",
       "      <td>0.242967</td>\n",
       "      <td>-0.342341</td>\n",
       "    </tr>\n",
       "    <tr>\n",
       "      <th>6</th>\n",
       "      <td>1.860387</td>\n",
       "      <td>1.237773</td>\n",
       "      <td>1.958494</td>\n",
       "      <td>1.729290</td>\n",
       "      <td>-0.137771</td>\n",
       "    </tr>\n",
       "    <tr>\n",
       "      <th>7</th>\n",
       "      <td>-0.778655</td>\n",
       "      <td>-0.557555</td>\n",
       "      <td>-0.821437</td>\n",
       "      <td>-0.844046</td>\n",
       "      <td>-0.707644</td>\n",
       "    </tr>\n",
       "    <tr>\n",
       "      <th>8</th>\n",
       "      <td>1.107375</td>\n",
       "      <td>2.330581</td>\n",
       "      <td>0.772065</td>\n",
       "      <td>0.161626</td>\n",
       "      <td>-0.882990</td>\n",
       "    </tr>\n",
       "    <tr>\n",
       "      <th>9</th>\n",
       "      <td>1.063874</td>\n",
       "      <td>-0.869786</td>\n",
       "      <td>1.385575</td>\n",
       "      <td>2.476149</td>\n",
       "      <td>-0.649196</td>\n",
       "    </tr>\n",
       "    <tr>\n",
       "      <th>10</th>\n",
       "      <td>-0.504651</td>\n",
       "      <td>-1.416191</td>\n",
       "      <td>-0.401606</td>\n",
       "      <td>0.006338</td>\n",
       "      <td>-0.926826</td>\n",
       "    </tr>\n",
       "    <tr>\n",
       "      <th>11</th>\n",
       "      <td>-0.273147</td>\n",
       "      <td>-0.791729</td>\n",
       "      <td>0.193348</td>\n",
       "      <td>0.486990</td>\n",
       "      <td>-0.956050</td>\n",
       "    </tr>\n",
       "    <tr>\n",
       "      <th>12</th>\n",
       "      <td>-1.396665</td>\n",
       "      <td>-0.167267</td>\n",
       "      <td>-1.338688</td>\n",
       "      <td>-0.984544</td>\n",
       "      <td>2.623920</td>\n",
       "    </tr>\n",
       "    <tr>\n",
       "      <th>13</th>\n",
       "      <td>-0.777655</td>\n",
       "      <td>-0.323382</td>\n",
       "      <td>-0.714740</td>\n",
       "      <td>-0.311631</td>\n",
       "      <td>0.271368</td>\n",
       "    </tr>\n",
       "    <tr>\n",
       "      <th>14</th>\n",
       "      <td>1.130875</td>\n",
       "      <td>0.691369</td>\n",
       "      <td>0.940229</td>\n",
       "      <td>-0.193317</td>\n",
       "      <td>1.045811</td>\n",
       "    </tr>\n",
       "  </tbody>\n",
       "</table>\n",
       "</div>"
      ],
      "text/plain": [
       "      人口（千人）     学年中央値   雇用者（千人）  健康サービス従業員（百人）  家の価格中央値（万ドル）\n",
       "1   0.805870  0.144964  0.362672       0.072890      0.665895\n",
       "2  -1.400165 -0.713671 -1.571798      -1.051095      0.242144\n",
       "3  -0.862157 -1.025902 -0.829556      -0.784888     -1.072947\n",
       "4  -0.157145  0.925542 -0.351737      -1.006728      0.826629\n",
       "5   0.181860  0.535253  0.417180       0.242967     -0.342341\n",
       "6   1.860387  1.237773  1.958494       1.729290     -0.137771\n",
       "7  -0.778655 -0.557555 -0.821437      -0.844046     -0.707644\n",
       "8   1.107375  2.330581  0.772065       0.161626     -0.882990\n",
       "9   1.063874 -0.869786  1.385575       2.476149     -0.649196\n",
       "10 -0.504651 -1.416191 -0.401606       0.006338     -0.926826\n",
       "11 -0.273147 -0.791729  0.193348       0.486990     -0.956050\n",
       "12 -1.396665 -0.167267 -1.338688      -0.984544      2.623920\n",
       "13 -0.777655 -0.323382 -0.714740      -0.311631      0.271368\n",
       "14  1.130875  0.691369  0.940229      -0.193317      1.045811"
      ]
     },
     "metadata": {},
     "output_type": "display_data"
    },
    {
     "data": {
      "text/html": [
       "<div>\n",
       "<style scoped>\n",
       "    .dataframe tbody tr th:only-of-type {\n",
       "        vertical-align: middle;\n",
       "    }\n",
       "\n",
       "    .dataframe tbody tr th {\n",
       "        vertical-align: top;\n",
       "    }\n",
       "\n",
       "    .dataframe thead th {\n",
       "        text-align: right;\n",
       "    }\n",
       "</style>\n",
       "<table border=\"1\" class=\"dataframe\">\n",
       "  <thead>\n",
       "    <tr style=\"text-align: right;\">\n",
       "      <th></th>\n",
       "      <th>u1</th>\n",
       "      <th>u2</th>\n",
       "      <th>u3</th>\n",
       "      <th>u4</th>\n",
       "      <th>u5</th>\n",
       "    </tr>\n",
       "  </thead>\n",
       "  <tbody>\n",
       "    <tr>\n",
       "      <th>人口（千人）</th>\n",
       "      <td>0.558359</td>\n",
       "      <td>0.131393</td>\n",
       "      <td>-0.606465</td>\n",
       "      <td>-0.550553</td>\n",
       "      <td>0.007946</td>\n",
       "    </tr>\n",
       "    <tr>\n",
       "      <th>学年中央値</th>\n",
       "      <td>0.313283</td>\n",
       "      <td>0.628873</td>\n",
       "      <td>0.006565</td>\n",
       "      <td>0.452654</td>\n",
       "      <td>-0.549031</td>\n",
       "    </tr>\n",
       "    <tr>\n",
       "      <th>雇用者（千人）</th>\n",
       "      <td>0.568258</td>\n",
       "      <td>0.004262</td>\n",
       "      <td>0.769041</td>\n",
       "      <td>-0.268116</td>\n",
       "      <td>0.117280</td>\n",
       "    </tr>\n",
       "    <tr>\n",
       "      <th>健康サービス従業員（百人）</th>\n",
       "      <td>0.486625</td>\n",
       "      <td>-0.309561</td>\n",
       "      <td>-0.201326</td>\n",
       "      <td>0.647982</td>\n",
       "      <td>0.454924</td>\n",
       "    </tr>\n",
       "    <tr>\n",
       "      <th>家の価格中央値（万ドル）</th>\n",
       "      <td>-0.174266</td>\n",
       "      <td>0.701006</td>\n",
       "      <td>0.014203</td>\n",
       "      <td>-0.015107</td>\n",
       "      <td>0.691225</td>\n",
       "    </tr>\n",
       "  </tbody>\n",
       "</table>\n",
       "</div>"
      ],
      "text/plain": [
       "                     u1        u2        u3        u4        u5\n",
       "人口（千人）         0.558359  0.131393 -0.606465 -0.550553  0.007946\n",
       "学年中央値          0.313283  0.628873  0.006565  0.452654 -0.549031\n",
       "雇用者（千人）        0.568258  0.004262  0.769041 -0.268116  0.117280\n",
       "健康サービス従業員（百人）  0.486625 -0.309561 -0.201326  0.647982  0.454924\n",
       "家の価格中央値（万ドル）  -0.174266  0.701006  0.014203 -0.015107  0.691225"
      ]
     },
     "metadata": {},
     "output_type": "display_data"
    },
    {
     "data": {
      "text/html": [
       "<div>\n",
       "<style scoped>\n",
       "    .dataframe tbody tr th:only-of-type {\n",
       "        vertical-align: middle;\n",
       "    }\n",
       "\n",
       "    .dataframe tbody tr th {\n",
       "        vertical-align: top;\n",
       "    }\n",
       "\n",
       "    .dataframe thead th {\n",
       "        text-align: right;\n",
       "    }\n",
       "</style>\n",
       "<table border=\"1\" class=\"dataframe\">\n",
       "  <thead>\n",
       "    <tr style=\"text-align: right;\">\n",
       "      <th></th>\n",
       "      <th>u1</th>\n",
       "      <th>u2</th>\n",
       "      <th>u3</th>\n",
       "      <th>u4</th>\n",
       "      <th>u5</th>\n",
       "    </tr>\n",
       "  </thead>\n",
       "  <tbody>\n",
       "    <tr>\n",
       "      <th>固有値</th>\n",
       "      <td>3.261888</td>\n",
       "      <td>1.390456</td>\n",
       "      <td>0.013044</td>\n",
       "      <td>0.102737</td>\n",
       "      <td>0.616491</td>\n",
       "    </tr>\n",
       "  </tbody>\n",
       "</table>\n",
       "</div>"
      ],
      "text/plain": [
       "           u1        u2        u3        u4        u5\n",
       "固有値  3.261888  1.390456  0.013044  0.102737  0.616491"
      ]
     },
     "metadata": {},
     "output_type": "display_data"
    },
    {
     "data": {
      "text/html": [
       "<div>\n",
       "<style scoped>\n",
       "    .dataframe tbody tr th:only-of-type {\n",
       "        vertical-align: middle;\n",
       "    }\n",
       "\n",
       "    .dataframe tbody tr th {\n",
       "        vertical-align: top;\n",
       "    }\n",
       "\n",
       "    .dataframe thead th {\n",
       "        text-align: right;\n",
       "    }\n",
       "</style>\n",
       "<table border=\"1\" class=\"dataframe\">\n",
       "  <thead>\n",
       "    <tr style=\"text-align: right;\">\n",
       "      <th></th>\n",
       "      <th>u1</th>\n",
       "      <th>u2</th>\n",
       "      <th>u3</th>\n",
       "      <th>u4</th>\n",
       "      <th>u5</th>\n",
       "    </tr>\n",
       "  </thead>\n",
       "  <tbody>\n",
       "    <tr>\n",
       "      <th>寄与率</th>\n",
       "      <td>0.605779</td>\n",
       "      <td>0.258228</td>\n",
       "      <td>0.002422</td>\n",
       "      <td>0.01908</td>\n",
       "      <td>0.114491</td>\n",
       "    </tr>\n",
       "  </tbody>\n",
       "</table>\n",
       "</div>"
      ],
      "text/plain": [
       "           u1        u2        u3       u4        u5\n",
       "寄与率  0.605779  0.258228  0.002422  0.01908  0.114491"
      ]
     },
     "metadata": {},
     "output_type": "display_data"
    },
    {
     "name": "stdout",
     "output_type": "stream",
     "text": [
      "主成分得点\n"
     ]
    },
    {
     "data": {
      "text/html": [
       "<div>\n",
       "<style scoped>\n",
       "    .dataframe tbody tr th:only-of-type {\n",
       "        vertical-align: middle;\n",
       "    }\n",
       "\n",
       "    .dataframe tbody tr th {\n",
       "        vertical-align: top;\n",
       "    }\n",
       "\n",
       "    .dataframe thead th {\n",
       "        text-align: right;\n",
       "    }\n",
       "</style>\n",
       "<table border=\"1\" class=\"dataframe\">\n",
       "  <thead>\n",
       "    <tr style=\"text-align: right;\">\n",
       "      <th></th>\n",
       "      <th>u1</th>\n",
       "      <th>u2</th>\n",
       "      <th>u3</th>\n",
       "      <th>u4</th>\n",
       "      <th>u5</th>\n",
       "    </tr>\n",
       "  </thead>\n",
       "  <tbody>\n",
       "    <tr>\n",
       "      <th>1</th>\n",
       "      <td>0.620897</td>\n",
       "      <td>0.642828</td>\n",
       "      <td>-0.214087</td>\n",
       "      <td>-0.438122</td>\n",
       "      <td>0.462791</td>\n",
       "    </tr>\n",
       "    <tr>\n",
       "      <th>2</th>\n",
       "      <td>-2.452249</td>\n",
       "      <td>-0.144357</td>\n",
       "      <td>-0.149260</td>\n",
       "      <td>0.184495</td>\n",
       "      <td>-0.114432</td>\n",
       "    </tr>\n",
       "    <tr>\n",
       "      <th>3</th>\n",
       "      <td>-1.469159</td>\n",
       "      <td>-1.271150</td>\n",
       "      <td>0.020949</td>\n",
       "      <td>-0.259682</td>\n",
       "      <td>-0.639602</td>\n",
       "    </tr>\n",
       "    <tr>\n",
       "      <th>4</th>\n",
       "      <td>-0.631616</td>\n",
       "      <td>1.451016</td>\n",
       "      <td>0.045300</td>\n",
       "      <td>-0.065056</td>\n",
       "      <td>-0.437249</td>\n",
       "    </tr>\n",
       "    <tr>\n",
       "      <th>5</th>\n",
       "      <td>0.684187</td>\n",
       "      <td>0.047083</td>\n",
       "      <td>0.160273</td>\n",
       "      <td>0.192918</td>\n",
       "      <td>-0.369602</td>\n",
       "    </tr>\n",
       "    <tr>\n",
       "      <th>6</th>\n",
       "      <td>3.404990</td>\n",
       "      <td>0.399292</td>\n",
       "      <td>0.035921</td>\n",
       "      <td>0.133567</td>\n",
       "      <td>0.256364</td>\n",
       "    </tr>\n",
       "    <tr>\n",
       "      <th>7</th>\n",
       "      <td>-1.363644</td>\n",
       "      <td>-0.691222</td>\n",
       "      <td>-0.003275</td>\n",
       "      <td>-0.139684</td>\n",
       "      <td>-0.669528</td>\n",
       "    </tr>\n",
       "    <tr>\n",
       "      <th>8</th>\n",
       "      <td>2.019702</td>\n",
       "      <td>0.945417</td>\n",
       "      <td>-0.107615</td>\n",
       "      <td>0.356344</td>\n",
       "      <td>-1.717030</td>\n",
       "    </tr>\n",
       "    <tr>\n",
       "      <th>9</th>\n",
       "      <td>2.426986</td>\n",
       "      <td>-1.622902</td>\n",
       "      <td>-0.093081</td>\n",
       "      <td>0.263381</td>\n",
       "      <td>1.326212</td>\n",
       "    </tr>\n",
       "    <tr>\n",
       "      <th>10</th>\n",
       "      <td>-0.789062</td>\n",
       "      <td>-1.610295</td>\n",
       "      <td>-0.026536</td>\n",
       "      <td>-0.237421</td>\n",
       "      <td>0.088660</td>\n",
       "    </tr>\n",
       "    <tr>\n",
       "      <th>11</th>\n",
       "      <td>0.112911</td>\n",
       "      <td>-1.353912</td>\n",
       "      <td>0.197526</td>\n",
       "      <td>0.070167</td>\n",
       "      <td>0.015886</td>\n",
       "    </tr>\n",
       "    <tr>\n",
       "      <th>12</th>\n",
       "      <td>-2.529326</td>\n",
       "      <td>1.849752</td>\n",
       "      <td>0.051906</td>\n",
       "      <td>0.374542</td>\n",
       "      <td>1.289562</td>\n",
       "    </tr>\n",
       "    <tr>\n",
       "      <th>13</th>\n",
       "      <td>-1.140615</td>\n",
       "      <td>-0.021892</td>\n",
       "      <td>-0.013573</td>\n",
       "      <td>0.267363</td>\n",
       "      <td>0.133350</td>\n",
       "    </tr>\n",
       "    <tr>\n",
       "      <th>14</th>\n",
       "      <td>1.105998</td>\n",
       "      <td>1.380342</td>\n",
       "      <td>0.095551</td>\n",
       "      <td>-0.702812</td>\n",
       "      <td>0.374620</td>\n",
       "    </tr>\n",
       "  </tbody>\n",
       "</table>\n",
       "</div>"
      ],
      "text/plain": [
